processing frame #50
....
student task ID_S3_EX1-5
[[9.7223872e-01 3.5127075e+02 2.1875238e+02 1.0574490e+00 1.6241086e+00
  2.0172735e+01 4.7542789e+01 1.3822002e-02]
 [6.2091374e-01 3.1184229e+02 3.5521008e+02 1.1316251e+00 1.7765536e+00      
  2.0849136e+01 4.6748154e+01 8.4768860e-03]]

processing frame #51
...
student task ID_S3_EX1-5
[[ 9.0935510e-01  3.5153265e+02  2.1939409e+02  1.0489278e+00
   1.6082902e+00  2.0308041e+01  4.8363377e+01  1.2367911e-02]
 [ 8.0556732e-01  3.1226596e+02  3.5451572e+02  1.1078368e+00
   1.7661636e+00  2.0709120e+01  4.8925690e+01  6.6410281e-02]
 [ 7.8161073e-01  3.5299170e+02  6.0305402e+02  1.2087985e+00
   1.6976423e+00  1.9822773e+01  5.0056709e+01 -3.2651678e-02]]